  1        1   (0)      1 :  0.0117 0.0547 0.0887 0.8450 
  2        2   (0)      1 :  0.0127 0.0506 0.0643 0.8724 
  3        3   (0)      2 :  0.0057 0.7543 0.0383 0.2017 
  4        4   (0)      2 :  0.0090 0.8524 0.0080 0.1306 
  5        5   (0)      2 :  0.0070 0.8454 0.0047 0.1430 
  6        6   (0)      2 :  0.0347 0.8520 0.0120 0.1013 
  7        7   (0)      2 :  0.0090 0.8474 0.0113 0.1323 
  8        8   (0)      3 :  0.0267 0.4815 0.0123 0.4795 
  9        9   (0)      3 :  0.0080 0.0100 0.0113 0.9707 
 10       10   (0)      3 :  0.0160 0.0740 0.2249 0.6852 
 11       11   (0)      3 :  0.0110 0.1037 0.0527 0.8327 
 12       12   (0)      3 :  0.0137 0.2627 0.1877 0.5360 
 13       13   (0)      4 :  0.0103 0.3490 0.0110 0.6297 
 14       14   (0)      4 :  0.0100 0.1563 0.1270 0.7067 
 15       15   (0)      4 :  0.0087 0.1100 0.0320 0.8493 
 16       16   (0)      5 :  0.1259 0.0636 0.2292 0.5813 
 17       17   (0)      5 :  0.0070 0.2813 0.1973 0.5143 
 18       18   (0)      5 :  0.0250 0.3026 0.1216 0.5508 
 19       19   (0)      6 :  0.0123 0.0976 0.3138 0.5763 
 20       20   (0)      6 :  0.0077 0.2819 0.0830 0.6275 
 21       21   (0)      6 :  0.0273 0.0313 0.4420 0.4993 
 22       22   (0)      7 :  0.1466 0.0387 0.0517 0.7631 
 23       23   (0)      7 :  0.0557 0.1444 0.0120 0.7879 
 24       24   (0)      7 :  0.0477 0.0343 0.0250 0.8930 
 25       25   (0)      8 :  0.0180 0.8763 0.0060 0.0997 
 26       26   (0)      8 :  0.0183 0.8797 0.0060 0.0960 
 27       27   (0)      9 :  0.0160 0.9597 0.0070 0.0173 
 28       28   (0)      9 :  0.0093 0.9107 0.0093 0.0706 
 29       29   (0)      9 :  0.0180 0.9157 0.0080 0.0583 
 30       30   (0)     10 :  0.0073 0.8077 0.0357 0.1493 
 31       31   (0)     10 :  0.0313 0.8881 0.0286 0.0520 
 32       32   (0)     10 :  0.0773 0.7401 0.1716 0.0110 
 33       33   (0)     11 :  0.9466 0.0347 0.0157 0.0030 
 34       34   (0)     11 :  0.9316 0.0130 0.0223 0.0330 
 35       35   (0)     11 :  0.7919 0.0470 0.1581 0.0030 
 36       36   (0)     11 :  0.7418 0.0087 0.2323 0.0173 
 37       37   (0)     11 :  0.8583 0.1190 0.0060 0.0167 
 38       38   (0)     12 :  0.0240 0.0243 0.9444 0.0073 
 39       39   (0)     12 :  0.0223 0.0563 0.9160 0.0053 
 40       40   (0)     12 :  0.0153 0.1823 0.7944 0.0080 
 41       41   (0)     12 :  0.0327 0.0543 0.9100 0.0030 
 42       42   (0)     12 :  0.0604 0.2107 0.7209 0.0080 
 43       43   (0)     13 :  0.0283 0.0100 0.9580 0.0037 
 44       44   (0)     13 :  0.0407 0.0913 0.8640 0.0040 
 45       45   (0)     13 :  0.0057 0.0087 0.9807 0.0050 
 46       46   (0)     13 :  0.0107 0.0070 0.9777 0.0047 
 47       47   (0)     13 :  0.0303 0.1540 0.7893 0.0263 
 48       48   (0)     14 :  0.6441 0.0173 0.0080 0.3306 
 49       49   (0)     14 :  0.9690 0.0133 0.0157 0.0020 
 50       50   (0)     14 :  0.9456 0.0323 0.0170 0.0050 
 51       51   (0)     14 :  0.9237 0.0667 0.0060 0.0037 
 52       52   (0)     14 :  0.8720 0.0137 0.0073 0.1070 
 53       53   (0)     15 :  0.0980 0.0347 0.0203 0.8469 
 54       54   (0)     15 :  0.0393 0.0110 0.0080 0.9416 
 55       55   (0)     15 :  0.0150 0.0230 0.0090 0.9530 
 56       56   (0)     15 :  0.0270 0.0657 0.0177 0.8897 
 57       57   (0)     15 :  0.0227 0.0193 0.0100 0.9480 
 58       58   (0)     16 :  0.1381 0.0213 0.0260 0.8145 
 59       59   (0)     16 :  0.0646 0.0100 0.0303 0.8950 
 60       60   (0)     16 :  0.1003 0.0140 0.0090 0.8767 
 61       61   (0)     16 :  0.1384 0.0287 0.0433 0.7896 
 62       62   (0)     16 :  0.0470 0.0160 0.0100 0.9270 
 63       63   (0)     17 :  0.0273 0.0837 0.0140 0.8750 
 64       64   (0)     17 :  0.0040 0.0050 0.0060 0.9850 
 65       65   (0)     17 :  0.0040 0.0047 0.0050 0.9863 
 66       66   (0)     17 :  0.0260 0.0040 0.0057 0.9643 
 67       67   (0)     17 :  0.0030 0.0027 0.0030 0.9913 
 68       68   (0)     18 :  0.9433 0.0260 0.0267 0.0040 
 69       69   (0)     18 :  0.8330 0.0437 0.1193 0.0040 
 70       70   (0)     18 :  0.7337 0.1003 0.1543 0.0117 
 71       71   (0)     18 :  0.7742 0.0060 0.0090 0.2108 
 72       72   (0)     18 :  0.9163 0.0083 0.0690 0.0063 
 73       73   (0)     19 :  0.0160 0.0363 0.7916 0.1561 
 74       74   (0)     19 :  0.0087 0.0287 0.9497 0.0130 
 75       75   (0)     19 :  0.1046 0.0187 0.8727 0.0040 
 76       76   (0)     19 :  0.0060 0.0080 0.8027 0.1833 
 77       77   (0)     19 :  0.0860 0.0450 0.7453 0.1237 
 78       78   (0)     20 :  0.0133 0.0040 0.9024 0.0803 
 79       79   (0)     20 :  0.0070 0.0040 0.7362 0.2528 
 80       80   (0)     20 :  0.0040 0.0050 0.9880 0.0030 
 81       81   (0)     20 :  0.0977 0.0040 0.6986 0.1997 
 82       82   (0)     20 :  0.0157 0.0187 0.9550 0.0107 
 83       83   (0)     21 :  0.0090 0.9810 0.0060 0.0040 
 84       84   (0)     21 :  0.0070 0.9860 0.0040 0.0030 
 85       85   (0)     21 :  0.0140 0.9770 0.0050 0.0040 
 86       86   (0)     21 :  0.0030 0.9837 0.0070 0.0063 
 87       87   (0)     21 :  0.0040 0.9890 0.0040 0.0030 
 88       88   (0)     22 :  0.0500 0.0510 0.7869 0.1120 
 89       89   (0)     22 :  0.0133 0.2476 0.7301 0.0090 
 90       90   (0)     22 :  0.0050 0.2397 0.7212 0.0340 
 91       91   (0)     22 :  0.0070 0.0200 0.8856 0.0874 
 92       92   (0)     22 :  0.0207 0.0294 0.4413 0.5087 
 93       93   (0)     23 :  0.0053 0.8013 0.0137 0.1797 
 94       94   (0)     23 :  0.0137 0.8113 0.0530 0.1220 
 95       95   (0)     23 :  0.0050 0.7906 0.0063 0.1981 
 96       96   (0)     23 :  0.0493 0.9270 0.0187 0.0050 
 97       97   (0)     23 :  0.0060 0.7076 0.0130 0.2734 
 98       98   (0)     24 :  0.0080 0.8956 0.0924 0.0040 
 99       99   (0)     24 :  0.0050 0.9870 0.0060 0.0020 
100      100   (0)     24 :  0.0070 0.9523 0.0377 0.0030 
101      101   (0)     24 :  0.0090 0.9560 0.0310 0.0040 
102      102   (0)     24 :  0.0100 0.8923 0.0120 0.0857 
103      103   (0)     25 :  0.3837 0.0757 0.2090 0.3317 
104      104   (0)     25 :  0.2601 0.1157 0.3311 0.2931 
105      105   (0)     25 :  0.5090 0.2393 0.0547 0.1970 
106      106   (0)     25 :  0.3905 0.0383 0.0934 0.4778 
107      107   (0)     25 :  0.3757 0.0587 0.2800 0.2857 
108      108   (0)     26 :  0.0773 0.0253 0.8937 0.0037 
109      109   (0)     26 :  0.0183 0.0587 0.9200 0.0030 
110      110   (0)     26 :  0.0927 0.0127 0.8926 0.0020 
111      111   (0)     26 :  0.0163 0.2229 0.7411 0.0197 
112      112   (0)     26 :  0.0040 0.0060 0.9870 0.0030 
113      113   (0)     27 :  0.2163 0.0360 0.0240 0.7237 
114      114   (0)     27 :  0.0616 0.0297 0.0230 0.8857 
115      115   (0)     27 :  0.0133 0.0457 0.1050 0.8359 
116      116   (0)     27 :  0.0120 0.0127 0.2476 0.7278 
117      117   (0)     27 :  0.1377 0.0473 0.0333 0.7816 
118      118   (0)     28 :  0.5145 0.0170 0.4462 0.0223 
119      119   (0)     28 :  0.4486 0.0247 0.5107 0.0160 
120      120   (0)     28 :  0.5037 0.0210 0.4667 0.0087 
121      121   (0)     28 :  0.4710 0.0290 0.2990 0.2010 
122      122   (0)     28 :  0.6730 0.0167 0.3053 0.0050 
123      123   (0)     29 :  0.6896 0.1160 0.0063 0.1881 
124      124   (0)     29 :  0.7330 0.1440 0.0247 0.0983 
125      125   (0)     29 :  0.7333 0.0333 0.0130 0.2203 
126      126   (0)     29 :  0.7947 0.1017 0.0377 0.0660 
127      127   (0)     29 :  0.8473 0.0210 0.1200 0.0117 
128      128   (0)     30 :  0.0377 0.9453 0.0070 0.0100 
129      129   (0)     30 :  0.0233 0.8577 0.1033 0.0157 
130      130   (0)     30 :  0.0073 0.9857 0.0040 0.0030 
131      131   (0)     30 :  0.0067 0.9520 0.0270 0.0143 
132      132   (0)     30 :  0.0060 0.9710 0.0170 0.0060 
133      133   (0)     31 :  0.0403 0.6602 0.0250 0.2745 
134      134   (0)     31 :  0.0150 0.9667 0.0123 0.0060 
135      135   (0)     31 :  0.0080 0.9723 0.0150 0.0047 
136      136   (0)     31 :  0.0053 0.9877 0.0040 0.0030 
137      137   (0)     31 :  0.0337 0.9510 0.0103 0.0050 
138      138   (0)     32 :  0.1236 0.6574 0.1796 0.0393 
139      139   (0)     32 :  0.0077 0.9310 0.0060 0.0553 
140      140   (0)     32 :  0.0290 0.9346 0.0143 0.0220 
141      141   (0)     32 :  0.0083 0.9757 0.0090 0.0070 
142      142   (0)     32 :  0.0043 0.9847 0.0070 0.0040 
143      143   (0)     33 :  0.0117 0.9790 0.0070 0.0023 
144      144   (0)     33 :  0.0257 0.9160 0.0543 0.0040 
145      145   (0)     33 :  0.0117 0.9627 0.0227 0.0030 
146      146   (0)     33 :  0.0687 0.9096 0.0197 0.0020 
147      147   (0)     33 :  0.0167 0.9583 0.0200 0.0050 
148      148   (0)     34 :  0.0040 0.9880 0.0060 0.0020 
149      149   (0)     34 :  0.0387 0.8567 0.0756 0.0290 
150      150   (0)     34 :  0.0093 0.9827 0.0050 0.0030 
151      151   (0)     34 :  0.0093 0.9783 0.0103 0.0020 
152      152   (0)     34 :  0.0150 0.9666 0.0133 0.0050 
153      153   (0)     35 :  0.0060 0.9763 0.0110 0.0067 
154      154   (0)     35 :  0.0040 0.9310 0.0540 0.0110 
155      155   (0)     35 :  0.0080 0.9803 0.0087 0.0030 
156      156   (0)     35 :  0.0100 0.9436 0.0420 0.0043 
157      157   (0)     35 :  0.0040 0.9850 0.0070 0.0040 
158      158   (0)     36 :  0.0063 0.9847 0.0060 0.0030 
159      159   (0)     36 :  0.0130 0.9790 0.0060 0.0020 
160      160   (0)     36 :  0.2532 0.7118 0.0320 0.0030 
161      161   (0)     36 :  0.0057 0.9327 0.0080 0.0537 
162      162   (0)     36 :  0.0070 0.9566 0.0060 0.0304 
163      163   (0)     37 :  0.0180 0.9627 0.0173 0.0020 
164      164   (0)     37 :  0.0290 0.5167 0.0120 0.4423 
165      165   (0)     37 :  0.0467 0.8684 0.0820 0.0030 
166      166   (0)     37 :  0.0607 0.9123 0.0160 0.0110 
167      167   (0)     37 :  0.0083 0.9276 0.0390 0.0250 
168      168   (0)     38 :  0.0063 0.8717 0.1133 0.0087 
169      169   (0)     38 :  0.0663 0.8953 0.0280 0.0103 
170      170   (0)     38 :  0.0653 0.7513 0.1693 0.0140 
171      171   (0)     38 :  0.0193 0.9727 0.0050 0.0030 
172      172   (0)     38 :  0.0093 0.9777 0.0100 0.0030 
173      173   (0)     39 :  0.0100 0.9800 0.0080 0.0020 
174      174   (0)     39 :  0.0217 0.9600 0.0133 0.0050 
175      175   (0)     39 :  0.0040 0.9290 0.0640 0.0030 
176      176   (0)     39 :  0.0070 0.9101 0.0789 0.0040 
177      177   (0)     39 :  0.0097 0.9560 0.0293 0.0050 
178      178   (0)     40 :  0.0657 0.9146 0.0147 0.0050 
179      179   (0)     40 :  0.0083 0.9540 0.0210 0.0167 
180      180   (0)     40 :  0.0053 0.9857 0.0050 0.0040 
181      181   (0)     40 :  0.0087 0.7567 0.2270 0.0077 
182      182   (0)     40 :  0.0357 0.9313 0.0127 0.0203 
183      183   (0)     41 :  0.0177 0.8984 0.0809 0.0030 
184      184   (0)     41 :  0.0080 0.9753 0.0147 0.0020 
185      185   (0)     41 :  0.0050 0.9787 0.0113 0.0050 
186      186   (0)     41 :  0.2027 0.7653 0.0157 0.0163 
187      187   (0)     41 :  0.0110 0.9810 0.0050 0.0030 
188      188   (0)     42 :  0.0083 0.9710 0.0177 0.0030 
189      189   (0)     42 :  0.0163 0.9513 0.0090 0.0233 
190      190   (0)     42 :  0.0070 0.9740 0.0077 0.0113 
191      191   (0)     42 :  0.0090 0.9687 0.0153 0.0070 
192      192   (0)     42 :  0.0127 0.9717 0.0137 0.0020 
193      193   (0)     43 :  0.0040 0.9690 0.0200 0.0070 
194      194   (0)     43 :  0.0040 0.9697 0.0203 0.0060 
195      195   (0)     43 :  0.0213 0.9630 0.0070 0.0087 
196      196   (0)     43 :  0.0113 0.7692 0.0080 0.2115 
197      197   (0)     43 :  0.0050 0.9397 0.0057 0.0497 
198      198   (0)     44 :  0.0080 0.9803 0.0080 0.0037 
199      199   (0)     44 :  0.0170 0.9657 0.0147 0.0027 
200      200   (0)     44 :  0.0217 0.9497 0.0250 0.0037 
201      201   (0)     44 :  0.0080 0.9717 0.0153 0.0050 
202      202   (0)     44 :  0.0040 0.9893 0.0040 0.0027 
203      203   (0)     45 :  0.0143 0.9257 0.0556 0.0043 
204      204   (0)     45 :  0.0070 0.9813 0.0077 0.0040 
205      205   (0)     45 :  0.0100 0.9456 0.0100 0.0344 
206      206   (0)     45 :  0.0060 0.9827 0.0063 0.0050 
207      207   (0)     45 :  0.0040 0.7206 0.0260 0.2494 
208      208   (0)     46 :  0.0100 0.9713 0.0167 0.0020 
209      209   (0)     46 :  0.0073 0.9630 0.0057 0.0240 
210      210   (0)     46 :  0.0040 0.9743 0.0093 0.0123 
211      211   (0)     46 :  0.0090 0.8813 0.1007 0.0090 
212      212   (0)     46 :  0.0080 0.9224 0.0140 0.0556 
213      213   (0)     47 :  0.0227 0.9570 0.0163 0.0040 
214      214   (0)     47 :  0.0133 0.9500 0.0160 0.0207 
215      215   (0)     47 :  0.0043 0.9847 0.0060 0.0050 
216      216   (0)     47 :  0.0050 0.9807 0.0113 0.0030 
217      217   (0)     47 :  0.0120 0.9800 0.0050 0.0030 
218      218   (0)     48 :  0.0427 0.9294 0.0200 0.0080 
219      219   (0)     48 :  0.0787 0.9013 0.0160 0.0040 
220      220   (0)     48 :  0.0804 0.8630 0.0524 0.0043 
221      221   (0)     48 :  0.0150 0.8936 0.0864 0.0050 
222      222   (0)     48 :  0.0127 0.9436 0.0397 0.0040 
223      223   (0)     49 :  0.0153 0.9397 0.0263 0.0187 
224      224   (0)     49 :  0.0090 0.9830 0.0050 0.0030 
225      225   (0)     49 :  0.0190 0.9723 0.0050 0.0037 
226      226   (0)     49 :  0.0100 0.9553 0.0317 0.0030 
227      227   (0)     49 :  0.0123 0.9583 0.0270 0.0023 
228      228   (0)     50 :  0.0110 0.8783 0.0830 0.0277 
229      229   (0)     50 :  0.0147 0.9760 0.0063 0.0030 
230      230   (0)     50 :  0.0063 0.9763 0.0103 0.0070 
231      231   (0)     50 :  0.0660 0.9030 0.0050 0.0260 
232      232   (0)     50 :  0.0193 0.9030 0.0040 0.0737 
233      233   (0)     51 :  0.0090 0.9787 0.0093 0.0030 
234      234   (0)     51 :  0.0713 0.9117 0.0140 0.0030 
235      235   (0)     51 :  0.0127 0.9286 0.0527 0.0060 
236      236   (0)     51 :  0.0043 0.9870 0.0067 0.0020 
237      237   (0)     51 :  0.0120 0.9780 0.0060 0.0040 
238      238   (0)     52 :  0.0120 0.9767 0.0083 0.0030 
239      239   (0)     52 :  0.0953 0.8870 0.0157 0.0020 
240      240   (0)     52 :  0.0100 0.9767 0.0103 0.0030 
241      241   (0)     52 :  0.0050 0.9790 0.0130 0.0030 
242      242   (0)     52 :  0.0057 0.9600 0.0130 0.0213 
243      243   (0)     53 :  0.0050 0.9777 0.0070 0.0103 
244      244   (0)     53 :  0.0130 0.9780 0.0070 0.0020 
245      245   (0)     53 :  0.0060 0.9733 0.0073 0.0133 
246      246   (0)     53 :  0.0040 0.8990 0.0930 0.0040 
247      247   (0)     53 :  0.0057 0.9823 0.0070 0.0050 
248      248   (0)     54 :  0.0063 0.9800 0.0077 0.0060 
249      249   (0)     54 :  0.0080 0.9560 0.0330 0.0030 
250      250   (0)     54 :  0.0280 0.9137 0.0243 0.0340 
251      251   (0)     54 :  0.0097 0.9690 0.0170 0.0043 
252      252   (0)     54 :  0.0083 0.9807 0.0070 0.0040 
253      253   (0)     55 :  0.0073 0.7529 0.0087 0.2311 
254      254   (0)     55 :  0.1252 0.8494 0.0203 0.0050 
255      255   (0)     55 :  0.0190 0.9557 0.0210 0.0043 
256      256   (0)     55 :  0.0340 0.9453 0.0177 0.0030 
257      257   (0)     55 :  0.0506 0.9374 0.0080 0.0040 
258      258   (0)     56 :  0.0570 0.1567 0.0063 0.7799 
259      259   (0)     56 :  0.0337 0.3888 0.0033 0.5742 
260      260   (0)     56 :  0.0220 0.3231 0.0080 0.6469 
261      261   (0)     56 :  0.0097 0.2347 0.0050 0.7507 
262      262   (0)     56 :  0.0287 0.9523 0.0160 0.0030 
263      263   (0)     57 :  0.0033 0.9753 0.0173 0.0040 
264      264   (0)     57 :  0.0143 0.9520 0.0070 0.0266 
265      265   (0)     57 :  0.0123 0.9700 0.0127 0.0050 
266      266   (0)     57 :  0.0070 0.9720 0.0153 0.0057 
267      267   (0)     57 :  0.1060 0.8844 0.0060 0.0037 
268      268   (0)     58 :  0.0210 0.9380 0.0330 0.0080 
269      269   (0)     58 :  0.0180 0.8729 0.0370 0.0720 
270      270   (0)     58 :  0.0060 0.9850 0.0040 0.0050 
271      271   (0)     58 :  0.0387 0.9523 0.0060 0.0030 
272      272   (0)     58 :  0.0073 0.8307 0.0090 0.1530 
273      273   (0)     59 :  0.0050 0.9800 0.0100 0.0050 
274      274   (0)     59 :  0.0073 0.9770 0.0117 0.0040 
275      275   (0)     59 :  0.1000 0.8847 0.0067 0.0087 
276      276   (0)     59 :  0.0150 0.7856 0.1514 0.0480 
277      277   (0)     59 :  0.0060 0.9604 0.0087 0.0250 
278      278   (0)     60 :  0.0077 0.9853 0.0040 0.0030 
279      279   (0)     60 :  0.0150 0.9750 0.0080 0.0020 
280      280   (0)     60 :  0.0060 0.9733 0.0177 0.0030 
281      281   (0)     60 :  0.0050 0.9897 0.0033 0.0020 
282      282   (0)     60 :  0.0123 0.9717 0.0120 0.0040 
283      283   (0)     61 :  0.0297 0.9590 0.0080 0.0033 
284      284   (0)     61 :  0.0070 0.9690 0.0103 0.0137 
285      285   (0)     61 :  0.0653 0.8934 0.0343 0.0070 
286      286   (0)     61 :  0.2504 0.7346 0.0130 0.0020 
287      287   (0)     61 :  0.0157 0.9703 0.0107 0.0033 
288      288   (0)     62 :  0.0047 0.9710 0.0203 0.0040 
289      289   (0)     62 :  0.0060 0.9847 0.0060 0.0033 
290      290   (0)     62 :  0.0103 0.9410 0.0387 0.0100 
291      291   (0)     62 :  0.0050 0.9580 0.0167 0.0203 
292      292   (0)     62 :  0.0110 0.9777 0.0070 0.0043 
293      293   (0)     63 :  0.0150 0.9760 0.0040 0.0050 
294      294   (0)     63 :  0.0070 0.9800 0.0100 0.0030 
295      295   (0)     63 :  0.0070 0.7410 0.0117 0.2403 
296      296   (0)     63 :  0.0090 0.9703 0.0067 0.0140 
297      297   (0)     63 :  0.0080 0.9830 0.0050 0.0040 
298      298   (0)     64 :  0.0057 0.9757 0.0157 0.0030 
299      299   (0)     64 :  0.0090 0.9767 0.0117 0.0027 
300      300   (0)     64 :  0.0070 0.9800 0.0100 0.0030 
301      301   (0)     64 :  0.0133 0.9643 0.0060 0.0163 
302      302   (0)     64 :  0.0080 0.9833 0.0060 0.0027 
303      303   (0)     65 :  0.0193 0.9703 0.0073 0.0030 
304      304   (0)     65 :  0.0070 0.9830 0.0043 0.0057 
305      305   (0)     65 :  0.0207 0.9723 0.0040 0.0030 
306      306   (0)     65 :  0.0060 0.9850 0.0060 0.0030 
307      307   (0)     65 :  0.0047 0.9873 0.0050 0.0030 
308      308   (0)     66 :  0.0063 0.9663 0.0163 0.0110 
309      309   (0)     66 :  0.0057 0.9863 0.0050 0.0030 
310      310   (0)     66 :  0.0033 0.9897 0.0050 0.0020 
311      311   (0)     66 :  0.0070 0.9810 0.0093 0.0027 
312      312   (0)     66 :  0.0140 0.9780 0.0050 0.0030 
313      313   (0)     67 :  0.0070 0.9810 0.0060 0.0060 
314      314   (0)     67 :  0.0040 0.9900 0.0040 0.0020 
315      315   (0)     67 :  0.0050 0.9850 0.0070 0.0030 
316      316   (0)     67 :  0.0060 0.9880 0.0040 0.0020 
317      317   (0)     67 :  0.0070 0.9830 0.0080 0.0020 
318      318   (0)     68 :  0.0233 0.9190 0.0153 0.0423 
319      319   (0)     68 :  0.0080 0.9800 0.0090 0.0030 
320      320   (0)     68 :  0.0120 0.9787 0.0060 0.0033 
321      321   (0)     68 :  0.0277 0.9390 0.0113 0.0220 
322      322   (0)     68 :  0.0240 0.5793 0.0147 0.3820 
323      323   (0)     69 :  0.0060 0.8820 0.1087 0.0033 
324      324   (0)     69 :  0.0043 0.9763 0.0163 0.0030 
325      325   (0)     69 :  0.0063 0.9850 0.0060 0.0027 
326      326   (0)     69 :  0.1097 0.8660 0.0117 0.0127 
327      327   (0)     69 :  0.0040 0.9810 0.0123 0.0027 
328      328   (0)     70 :  0.0240 0.8457 0.1233 0.0070 
329      329   (0)     70 :  0.0240 0.7969 0.1757 0.0033 
330      330   (0)     70 :  0.0120 0.9760 0.0040 0.0080 
331      331   (0)     70 :  0.0340 0.9380 0.0140 0.0140 
332      332   (0)     70 :  0.0130 0.9176 0.0564 0.0130 
333      333   (0)     71 :  0.0050 0.9860 0.0060 0.0030 
334      334   (0)     71 :  0.0113 0.9663 0.0040 0.0183 
335      335   (0)     71 :  0.0564 0.9123 0.0053 0.0260 
336      336   (0)     71 :  0.1733 0.8150 0.0060 0.0057 
337      337   (0)     71 :  0.0570 0.9347 0.0060 0.0023 
338      338   (0)     72 :  0.0347 0.9487 0.0130 0.0037 
339      339   (0)     72 :  0.0143 0.9283 0.0070 0.0503 
340      340   (0)     72 :  0.1287 0.8516 0.0140 0.0057 
341      341   (0)     72 :  0.0827 0.8283 0.0050 0.0840 
342      342   (0)     72 :  0.0270 0.9357 0.0290 0.0083 
343      343   (0)     73 :  0.0907 0.8267 0.0467 0.0360 
344      344   (0)     73 :  0.0670 0.8143 0.0820 0.0367 
345      345   (0)     73 :  0.0150 0.6203 0.3557 0.0090 
346      346   (0)     73 :  0.0550 0.9219 0.0130 0.0100 
347      347   (0)     73 :  0.1450 0.7740 0.0147 0.0663 
348      348   (0)     74 :  0.0123 0.7368 0.0157 0.2353 
349      349   (0)     74 :  0.0060 0.8940 0.0970 0.0030 
350      350   (0)     74 :  0.0057 0.9773 0.0110 0.0060 
351      351   (0)     74 :  0.0043 0.9810 0.0120 0.0027 
352      352   (0)     74 :  0.0083 0.9543 0.0317 0.0057 
353      353   (0)     75 :  0.0347 0.9477 0.0147 0.0030 
354      354   (0)     75 :  0.0080 0.9720 0.0180 0.0020 
355      355   (0)     75 :  0.0120 0.9047 0.0716 0.0117 
356      356   (0)     75 :  0.0030 0.9617 0.0110 0.0243 
357      357   (0)     75 :  0.0080 0.9177 0.0503 0.0240 
358      358   (0)     76 :  0.0200 0.9350 0.0390 0.0060 
359      359   (0)     76 :  0.1709 0.8071 0.0120 0.0100 
360      360   (0)     76 :  0.0650 0.9211 0.0110 0.0030 
361      361   (0)     76 :  0.1697 0.8116 0.0087 0.0100 
362      362   (0)     76 :  0.0067 0.9647 0.0227 0.0060 
363      363   (0)     77 :  0.0377 0.9023 0.0060 0.0540 
364      364   (0)     77 :  0.0977 0.8576 0.0063 0.0383 
365      365   (0)     77 :  0.2709 0.6998 0.0193 0.0100 
366      366   (0)     77 :  0.0120 0.9584 0.0230 0.0067 
367      367   (0)     77 :  0.2742 0.7075 0.0153 0.0030 
368      368   (0)     78 :  0.0377 0.9087 0.0506 0.0030 
369      369   (0)     78 :  0.0750 0.8871 0.0090 0.0290 
370      370   (0)     78 :  0.0350 0.8451 0.0990 0.0210 
371      371   (0)     78 :  0.2567 0.7260 0.0123 0.0050 
372      372   (0)     78 :  0.3001 0.6355 0.0343 0.0300 
373      373   (0)     79 :  0.0487 0.6355 0.1737 0.1420 
374      374   (0)     79 :  0.0286 0.9001 0.0673 0.0040 
375      375   (0)     79 :  0.0530 0.9143 0.0120 0.0207 
376      376   (0)     79 :  0.0110 0.9780 0.0060 0.0050 
377      377   (0)     79 :  0.0147 0.7753 0.2060 0.0040 
378      378   (0)     80 :  0.9877 0.0047 0.0040 0.0037 
379      379   (0)     80 :  0.9570 0.0273 0.0040 0.0117 
380      380   (0)     80 :  0.9797 0.0040 0.0050 0.0113 
381      381   (0)     80 :  0.9760 0.0060 0.0090 0.0090 
382      382   (0)     80 :  0.9723 0.0043 0.0080 0.0153 
383      383   (0)     81 :  0.7624 0.0403 0.0680 0.1293 
384      384   (0)     81 :  0.7540 0.0127 0.0743 0.1590 
385      385   (0)     81 :  0.6516 0.1764 0.1521 0.0200 
386      386   (0)     81 :  0.6864 0.1323 0.1553 0.0260 
387      387   (0)     81 :  0.7282 0.0516 0.0973 0.1229 
388      388   (0)     82 :  0.9800 0.0120 0.0040 0.0040 
389      389   (0)     82 :  0.8147 0.1620 0.0183 0.0050 
390      390   (0)     82 :  0.9503 0.0183 0.0183 0.0130 
391      391   (0)     82 :  0.6805 0.2918 0.0167 0.0110 
392      392   (0)     82 :  0.9583 0.0077 0.0110 0.0230 
393      393   (0)     83 :  0.7341 0.0580 0.0570 0.1509 
394      394   (0)     83 :  0.8330 0.0317 0.0120 0.1233 
395      395   (0)     83 :  0.9720 0.0107 0.0057 0.0117 
396      396   (0)     83 :  0.9734 0.0150 0.0067 0.0050 
397      397   (0)     83 :  0.8780 0.0353 0.0110 0.0757 
398      398   (0)     84 :  0.0277 0.0706 0.0550 0.8467 
399      399   (0)     84 :  0.0287 0.9573 0.0070 0.0070 
400      400   (0)     84 :  0.0140 0.8628 0.0170 0.1062 
401      401   (0)     85 :  0.0197 0.8947 0.0233 0.0623 
402      402   (0)     85 :  0.0340 0.8499 0.0277 0.0884 
403      403   (0)     85 :  0.0113 0.6627 0.0430 0.2830 
404      404   (0)     85 :  0.0533 0.8220 0.0507 0.0740 
405      405   (0)     85 :  0.0390 0.6289 0.1284 0.2037 
406      406   (0)     86 :  0.0067 0.6469 0.0600 0.2864 
407      407   (0)     86 :  0.0043 0.7686 0.0183 0.2087 
408      408   (0)     86 :  0.0060 0.9860 0.0050 0.0030 
409      409   (0)     86 :  0.0634 0.5105 0.1494 0.2768 
410      410   (0)     86 :  0.0050 0.9840 0.0070 0.0040 
411      411   (0)     87 :  0.0254 0.0434 0.0113 0.9199 
412      412   (0)     87 :  0.0183 0.0137 0.0060 0.9620 
413      413   (0)     87 :  0.0180 0.0496 0.0080 0.9244 
414      414   (0)     87 :  0.0113 0.2491 0.0060 0.7336 
415      415   (0)     87 :  0.0077 0.0083 0.0050 0.9790 
416      416   (0)     88 :  0.3929 0.4793 0.0517 0.0761 
417      417   (0)     88 :  0.1773 0.3147 0.2010 0.3070 
418      418   (0)     88 :  0.3143 0.5893 0.0860 0.0103 
419      419   (0)     88 :  0.4357 0.4817 0.0313 0.0513 
420      420   (0)     88 :  0.4127 0.5340 0.0323 0.0210 
421      421   (0)     89 :  0.0183 0.2027 0.0127 0.7663 
422      422   (0)     89 :  0.0130 0.5163 0.0087 0.4620 
423      423   (0)     89 :  0.0123 0.3457 0.0057 0.6363 
424      424   (0)     89 :  0.0047 0.2640 0.0203 0.7110 
425      425   (0)     89 :  0.0110 0.1587 0.0263 0.8039 
426      426   (0)     90 :  0.0060 0.5693 0.1366 0.2881 
427      427   (0)     90 :  0.0097 0.7077 0.1740 0.1087 
428      428   (0)     90 :  0.0070 0.5783 0.0053 0.4093 
429      429   (0)     90 :  0.0143 0.5728 0.0123 0.4005 
430      430   (0)     90 :  0.0057 0.7680 0.0077 0.2187 
431      431   (0)     91 :  0.8490 0.0060 0.1400 0.0050 
432      432   (0)     91 :  0.6948 0.0067 0.2272 0.0714 
433      433   (0)     91 :  0.7941 0.0137 0.1829 0.0093 
434      434   (0)     91 :  0.9437 0.0237 0.0267 0.0060 
435      435   (0)     91 :  0.9140 0.0544 0.0287 0.0030 
436      436   (0)     92 :  0.8946 0.0784 0.0160 0.0110 
437      437   (0)     92 :  0.9820 0.0050 0.0090 0.0040 
438      438   (0)     92 :  0.9564 0.0143 0.0243 0.0050 
439      439   (0)     92 :  0.9530 0.0077 0.0067 0.0327 
440      440   (0)     92 :  0.9403 0.0404 0.0113 0.0080 
441      441   (0)     93 :  0.7282 0.0090 0.0077 0.2552 
442      442   (0)     93 :  0.9797 0.0097 0.0077 0.0030 
443      443   (0)     93 :  0.7941 0.0523 0.1393 0.0143 
444      444   (0)     93 :  0.9813 0.0070 0.0087 0.0030 
445      445   (0)     93 :  0.9286 0.0347 0.0337 0.0030 
446      446   (0)     94 :  0.0890 0.0130 0.8950 0.0030 
447      447   (0)     94 :  0.0097 0.0063 0.9813 0.0027 
448      448   (0)     94 :  0.0053 0.0090 0.9813 0.0043 
449      449   (0)     94 :  0.0060 0.0757 0.8730 0.0453 
450      450   (0)     94 :  0.0553 0.0233 0.9114 0.0100 
451      451   (0)     95 :  0.8973 0.0080 0.0794 0.0153 
452      452   (0)     95 :  0.8293 0.0070 0.1403 0.0233 
453      453   (0)     95 :  0.7620 0.0840 0.0133 0.1407 
454      454   (0)     95 :  0.7290 0.0533 0.1190 0.0987 
455      455   (0)     95 :  0.7049 0.1124 0.1070 0.0757 
456      456   (0)     96 :  0.0587 0.0100 0.9180 0.0133 
457      457   (0)     96 :  0.0117 0.0090 0.9753 0.0040 
458      458   (0)     96 :  0.0040 0.0063 0.9877 0.0020 
459      459   (0)     96 :  0.0047 0.0463 0.9447 0.0043 
460      460   (0)     96 :  0.0070 0.0150 0.9693 0.0087 
461      461   (0)     97 :  0.0330 0.0307 0.9343 0.0020 
462      462   (0)     97 :  0.0353 0.0060 0.9117 0.0470 
463      463   (0)     97 :  0.0077 0.0103 0.9790 0.0030 
464      464   (0)     97 :  0.0183 0.0350 0.9356 0.0110 
465      465   (0)     97 :  0.0050 0.0040 0.9890 0.0020 
466      466   (0)     98 :  0.0250 0.0120 0.9584 0.0047 
467      467   (0)     98 :  0.0867 0.0073 0.9010 0.0050 
468      468   (0)     98 :  0.0637 0.0057 0.8530 0.0777 
469      469   (0)     98 :  0.0223 0.0080 0.9657 0.0040 
470      470   (0)     98 :  0.0080 0.0090 0.9800 0.0030 
471      471   (0)     99 :  0.6623 0.0177 0.3130 0.0070 
472      472   (0)     99 :  0.6369 0.0140 0.0734 0.2758 
473      473   (0)     99 :  0.9016 0.0270 0.0477 0.0237 
474      474   (0)     99 :  0.6989 0.0110 0.2838 0.0063 
475      475   (0)     99 :  0.7931 0.0277 0.1683 0.0110 
476      476   (0)    100 :  0.7216 0.0100 0.0083 0.2601 
477      477   (0)    100 :  0.5985 0.3759 0.0123 0.0133 
478      478   (0)    100 :  0.8770 0.0360 0.0177 0.0693 
479      479   (0)    100 :  0.7319 0.0193 0.0217 0.2271 
480      480   (0)    100 :  0.7931 0.0110 0.0163 0.1796 
481      481   (0)    101 :  0.0793 0.2493 0.3833 0.2880 
482      482   (0)    101 :  0.4213 0.4997 0.0217 0.0573 
483      483   (0)    101 :  0.0733 0.5092 0.2546 0.1629 
484      484   (0)    101 :  0.0260 0.7527 0.2126 0.0087 
485      485   (0)    101 :  0.3144 0.4758 0.1814 0.0283 
486      486   (0)    102 :  0.0317 0.9394 0.0133 0.0157 
487      487   (0)    102 :  0.0343 0.9464 0.0153 0.0040 
488      488   (0)    102 :  0.0117 0.9743 0.0107 0.0033 
489      489   (0)    102 :  0.0050 0.9830 0.0080 0.0040 
490      490   (0)    102 :  0.0160 0.9667 0.0133 0.0040 
491      491   (0)    103 :  0.0113 0.9800 0.0047 0.0040 
492      492   (0)    103 :  0.0447 0.9100 0.0070 0.0383 
493      493   (0)    103 :  0.0060 0.9790 0.0040 0.0110 
494      494   (0)    103 :  0.0393 0.8747 0.0117 0.0743 
495      495   (0)    103 :  0.0900 0.7006 0.0330 0.1764 
496      496   (0)    104 :  0.9603 0.0247 0.0110 0.0040 
497      497   (0)    104 :  0.9267 0.0473 0.0110 0.0150 
498      498   (0)    104 :  0.8500 0.0413 0.0450 0.0637 
499      499   (0)    104 :  0.9009 0.0610 0.0290 0.0090 
500      500   (0)    104 :  0.9267 0.0433 0.0270 0.0030 
501      501   (0)    105 :  0.0050 0.9740 0.0050 0.0160 
502      502   (0)    105 :  0.0133 0.9563 0.0060 0.0243 
503      503   (0)    106 :  0.0283 0.8724 0.0097 0.0896 
504      504   (0)    107 :  0.0030 0.0113 0.9830 0.0027 
505      505   (0)    107 :  0.0057 0.0050 0.9843 0.0050 
506      506   (0)    107 :  0.0060 0.0073 0.9780 0.0087 
507      507   (0)    107 :  0.0067 0.0050 0.9833 0.0050 
508      508   (0)    107 :  0.0293 0.0090 0.9557 0.0060 
509      509   (0)    108 :  0.0077 0.0080 0.0083 0.9760 
510      510   (0)    108 :  0.0100 0.0093 0.0117 0.9690 
511      511   (0)    108 :  0.0963 0.0953 0.0080 0.8003 
512      512   (0)    109 :  0.0047 0.0177 0.9687 0.0090 
513      513   (0)    109 :  0.0297 0.3183 0.6457 0.0063 
514      514   (0)    109 :  0.0426 0.1952 0.7562 0.0060 
515      515   (0)    109 :  0.0533 0.3921 0.5496 0.0050 
516      516   (0)    109 :  0.0333 0.1250 0.8377 0.0040 
517      517   (0)    110 :  0.0140 0.9507 0.0270 0.0083 
518      518   (0)    110 :  0.0290 0.9457 0.0050 0.0203 
519      519   (0)    110 :  0.0420 0.8880 0.0083 0.0617 
520      520   (0)    110 :  0.0083 0.8817 0.0080 0.1020 
521      521   (0)    110 :  0.0070 0.9850 0.0050 0.0030 
522      522   (0)    111 :  0.0087 0.8850 0.0167 0.0896 
523      523   (0)    111 :  0.0110 0.9040 0.0140 0.0710 
524      524   (0)    111 :  0.0893 0.8997 0.0060 0.0050 
525      525   (0)    111 :  0.1480 0.5378 0.0437 0.2704 
526      526   (0)    111 :  0.0230 0.9570 0.0070 0.0130 
527      527   (0)    112 :  0.9823 0.0070 0.0050 0.0057 
528      528   (0)    112 :  0.9477 0.0317 0.0127 0.0080 
529      529   (0)    112 :  0.9510 0.0307 0.0133 0.0050 
530      530   (0)    112 :  0.8940 0.0103 0.0047 0.0910 
531      531   (0)    112 :  0.9627 0.0247 0.0077 0.0050 
532      532   (0)    113 :  0.9830 0.0070 0.0070 0.0030 
533      533   (0)    113 :  0.9687 0.0103 0.0130 0.0080 
534      534   (0)    113 :  0.9823 0.0037 0.0030 0.0110 
535      535   (0)    113 :  0.9890 0.0050 0.0040 0.0020 
536      536   (0)    113 :  0.9487 0.0150 0.0040 0.0323 
537      537   (0)    114 :  0.9753 0.0113 0.0050 0.0083 
538      538   (0)    114 :  0.9887 0.0040 0.0047 0.0027 
539      539   (0)    114 :  0.9890 0.0050 0.0040 0.0020 
540      540   (0)    114 :  0.9890 0.0040 0.0050 0.0020 
541      541   (0)    114 :  0.9890 0.0040 0.0050 0.0020 
542      542   (0)    115 :  0.9733 0.0197 0.0040 0.0030 
543      543   (0)    115 :  0.9900 0.0040 0.0040 0.0020 
544      544   (0)    115 :  0.9853 0.0077 0.0030 0.0040 
545      545   (0)    115 :  0.9870 0.0070 0.0040 0.0020 
546      546   (0)    115 :  0.9893 0.0050 0.0037 0.0020 
547      547   (0)    116 :  0.9890 0.0050 0.0040 0.0020 
548      548   (0)    116 :  0.9840 0.0067 0.0053 0.0040 
549      549   (0)    116 :  0.9870 0.0050 0.0050 0.0030 
550      550   (0)    116 :  0.9860 0.0050 0.0040 0.0050 
551      551   (0)    116 :  0.9833 0.0077 0.0050 0.0040 
552      552   (0)    117 :  0.9537 0.0153 0.0137 0.0173 
553      553   (0)    117 :  0.8976 0.0220 0.0043 0.0760 
554      554   (0)    117 :  0.9897 0.0043 0.0040 0.0020 
555      555   (0)    117 :  0.9883 0.0047 0.0050 0.0020 
556      556   (0)    117 :  0.9730 0.0070 0.0080 0.0120 
557      557   (0)    118 :  0.9773 0.0120 0.0077 0.0030 
558      558   (0)    118 :  0.9327 0.0337 0.0307 0.0030 
559      559   (0)    118 :  0.9447 0.0077 0.0183 0.0293 
560      560   (0)    118 :  0.9543 0.0210 0.0157 0.0090 
561      561   (0)    118 :  0.9453 0.0403 0.0113 0.0030 
562      562   (0)    119 :  0.9843 0.0073 0.0063 0.0020 
563      563   (0)    119 :  0.5753 0.3703 0.0170 0.0373 
564      564   (0)    119 :  0.8710 0.0107 0.1153 0.0030 
565      565   (0)    119 :  0.8253 0.0080 0.0427 0.1240 
566      566   (0)    119 :  0.9083 0.0050 0.0157 0.0710 
567      567   (0)    120 :  0.9577 0.0293 0.0070 0.0060 
568      568   (0)    120 :  0.9817 0.0113 0.0050 0.0020 
569      569   (0)    120 :  0.9860 0.0050 0.0070 0.0020 
570      570   (0)    120 :  0.9753 0.0060 0.0040 0.0147 
571      571   (0)    120 :  0.9653 0.0210 0.0107 0.0030 
572      572   (0)    121 :  0.7986 0.1267 0.0717 0.0030 
573      573   (0)    121 :  0.8886 0.0947 0.0113 0.0053 
574      574   (0)    121 :  0.9677 0.0090 0.0143 0.0090 
575      575   (0)    121 :  0.9827 0.0093 0.0060 0.0020 
576      576   (0)    121 :  0.9393 0.0253 0.0067 0.0287 
577      577   (0)    122 :  0.4638 0.0433 0.0153 0.4775 
578      578   (0)    122 :  0.9203 0.0624 0.0150 0.0023 
579      579   (0)    122 :  0.9890 0.0050 0.0040 0.0020 
580      580   (0)    122 :  0.9373 0.0240 0.0290 0.0097 
581      581   (0)    122 :  0.6387 0.0123 0.0163 0.3327 
582      582   (0)    123 :  0.0090 0.9740 0.0050 0.0120 
583      583   (0)    123 :  0.0110 0.9763 0.0097 0.0030 
584      584   (0)    123 :  0.0444 0.9243 0.0160 0.0153 
585      585   (0)    123 :  0.0210 0.9580 0.0090 0.0120 
586      586   (0)    123 :  0.0110 0.8327 0.0477 0.1087 
587      587   (0)    124 :  0.0497 0.4277 0.0310 0.4917 
588      588   (0)    124 :  0.0157 0.3728 0.0140 0.5975 
589      589   (0)    124 :  0.0370 0.4747 0.0173 0.4710 
590      590   (0)    124 :  0.0760 0.4635 0.0160 0.4445 
591      591   (0)    124 :  0.0363 0.4305 0.0380 0.4952 
592      592   (0)    125 :  0.7981 0.0137 0.0663 0.1220 
593      593   (0)    125 :  0.6027 0.0390 0.0963 0.2620 
594      594   (0)    125 :  0.5273 0.0180 0.2492 0.2055 
595      595   (0)    125 :  0.7567 0.0190 0.0293 0.1950 
596      596   (0)    125 :  0.7743 0.0100 0.1534 0.0624 
597      597   (0)    126 :  0.9487 0.0177 0.0050 0.0286 
598      598   (0)    126 :  0.9883 0.0050 0.0040 0.0027 
599      599   (0)    126 :  0.9420 0.0193 0.0367 0.0020 
600      600   (0)    126 :  0.9807 0.0070 0.0083 0.0040 
601      601   (0)    126 :  0.7854 0.0070 0.2036 0.0040 
602      602   (0)    127 :  0.9880 0.0050 0.0040 0.0030 
603      603   (0)    127 :  0.9787 0.0070 0.0070 0.0073 
604      604   (0)    127 :  0.9533 0.0050 0.0317 0.0100 
605      605   (0)    127 :  0.9853 0.0060 0.0067 0.0020 
606      606   (0)    127 :  0.8443 0.0070 0.0150 0.1337 
607      607   (0)    128 :  0.9890 0.0040 0.0040 0.0030 
608      608   (0)    128 :  0.9416 0.0433 0.0050 0.0100 
609      609   (0)    128 :  0.9837 0.0060 0.0053 0.0050 
610      610   (0)    128 :  0.9830 0.0070 0.0060 0.0040 
611      611   (0)    128 :  0.9870 0.0050 0.0050 0.0030 
612      612   (0)    129 :  0.9730 0.0073 0.0107 0.0090 
613      613   (0)    129 :  0.9757 0.0123 0.0100 0.0020 
614      614   (0)    129 :  0.9880 0.0060 0.0040 0.0020 
615      615   (0)    129 :  0.9747 0.0127 0.0087 0.0040 
616      616   (0)    129 :  0.9273 0.0483 0.0040 0.0203 
617      617   (0)    130 :  0.9360 0.0080 0.0520 0.0040 
618      618   (0)    130 :  0.9510 0.0350 0.0090 0.0050 
619      619   (0)    130 :  0.9633 0.0160 0.0110 0.0097 
620      620   (0)    130 :  0.9570 0.0183 0.0217 0.0030 
621      621   (0)    130 :  0.9269 0.0340 0.0040 0.0350 
622      622   (0)    131 :  0.7576 0.0930 0.0323 0.1170 
623      623   (0)    132 :  0.9850 0.0040 0.0030 0.0080 
624      624   (0)    132 :  0.9883 0.0047 0.0040 0.0030 
625      625   (0)    132 :  0.9867 0.0077 0.0037 0.0020 
626      626   (0)    132 :  0.9883 0.0050 0.0037 0.0030 
627      627   (0)    132 :  0.9890 0.0040 0.0040 0.0030 
628      628   (0)    133 :  0.0137 0.0070 0.9760 0.0033 
629      629   (0)    133 :  0.0047 0.0040 0.9853 0.0060 
630      630   (0)    133 :  0.1493 0.0500 0.6090 0.1917 
631      631   (0)    133 :  0.1659 0.0090 0.8204 0.0047 
632      632   (0)    133 :  0.0253 0.0680 0.9010 0.0057 
633      633   (0)    134 :  0.0573 0.0263 0.1843 0.7320 
634      634   (0)    134 :  0.3329 0.0253 0.0894 0.5524 
635      635   (0)    134 :  0.0427 0.0330 0.2141 0.7101 
636      636   (0)    134 :  0.0603 0.0666 0.1889 0.6841 
637      637   (0)    134 :  0.0310 0.1393 0.1443 0.6853 
638      638   (0)    135 :  0.0850 0.0200 0.8910 0.0040 
639      639   (0)    135 :  0.0093 0.0127 0.8830 0.0950 
640      640   (0)    135 :  0.0263 0.1777 0.7907 0.0053 
641      641   (0)    135 :  0.0147 0.0053 0.9780 0.0020 
642      642   (0)    135 :  0.0060 0.0060 0.9857 0.0023 
643      643   (0)    136 :  0.0303 0.0433 0.0183 0.9080 
644      644   (0)    136 :  0.1769 0.0263 0.0177 0.7791 
645      645   (0)    136 :  0.0283 0.0337 0.0170 0.9210 
646      646   (0)    136 :  0.0180 0.1887 0.0073 0.7859 
647      647   (0)    136 :  0.0120 0.0207 0.0203 0.9470 
648      648   (0)    137 :  0.0103 0.0030 0.9467 0.0400 
649      649   (0)    137 :  0.0376 0.0050 0.9524 0.0050 
650      650   (0)    137 :  0.0110 0.0070 0.6570 0.3250 
651      651   (0)    137 :  0.0197 0.0763 0.8627 0.0413 
652      652   (0)    137 :  0.0070 0.0193 0.8477 0.1260 
653      653   (0)    138 :  0.0070 0.0050 0.9837 0.0043 
654      654   (0)    138 :  0.1053 0.1250 0.7407 0.0290 
655      655   (0)    138 :  0.0157 0.0160 0.9653 0.0030 
656      656   (0)    138 :  0.0103 0.0597 0.9237 0.0063 
657      657   (0)    138 :  0.0030 0.0040 0.9910 0.0020 
658      658   (0)    139 :  0.0070 0.0083 0.9703 0.0143 
659      659   (0)    139 :  0.0247 0.0153 0.9580 0.0020 
660      660   (0)    139 :  0.0270 0.0067 0.9077 0.0587 
661      661   (0)    139 :  0.0060 0.0070 0.9830 0.0040 
662      662   (0)    139 :  0.0143 0.0143 0.9623 0.0090 
663      663   (0)    140 :  0.8423 0.0137 0.1400 0.0040 
664      664   (0)    140 :  0.6261 0.2079 0.1536 0.0123 
665      665   (0)    140 :  0.8627 0.0183 0.1150 0.0040 
666      666   (0)    140 :  0.5823 0.1143 0.1785 0.1249 
667      667   (0)    140 :  0.8513 0.0480 0.0920 0.0087 
668      668   (0)    141 :  0.0213 0.1867 0.0360 0.7559 
669      669   (0)    141 :  0.0107 0.3633 0.0930 0.5330 
670      670   (0)    141 :  0.0853 0.3311 0.0863 0.4973 
671      671   (0)    141 :  0.0347 0.4373 0.0357 0.4923 
672      672   (0)    141 :  0.0263 0.2592 0.0317 0.6828 
673      673   (0)    142 :  0.0090 0.0080 0.7557 0.2273 
674      674   (0)    142 :  0.0087 0.0040 0.9833 0.0040 
675      675   (0)    142 :  0.0966 0.2386 0.6431 0.0217 
676      676   (0)    142 :  0.0080 0.0047 0.8147 0.1726 
677      677   (0)    142 :  0.0170 0.0197 0.9393 0.0240 
678      678   (0)    143 :  0.0127 0.7650 0.0063 0.2160 
679      679   (0)    143 :  0.0223 0.7557 0.0133 0.2086 
680      680   (0)    143 :  0.0080 0.5808 0.0050 0.4062 
681      681   (0)    143 :  0.0073 0.6203 0.0050 0.3673 
682      682   (0)    143 :  0.0053 0.3865 0.0043 0.6039 
683      683   (0)    144 :  0.0157 0.0150 0.9653 0.0040 
684      684   (0)    144 :  0.0070 0.0147 0.9713 0.0070 
685      685   (0)    144 :  0.0113 0.0717 0.8997 0.0173 
686      686   (0)    144 :  0.0233 0.0273 0.9257 0.0237 
687      687   (0)    144 :  0.0147 0.0080 0.9724 0.0050 
688      688   (0)    145 :  0.0160 0.6529 0.0540 0.2771 
